ID,TIME,Ind 
1,1066,0
2,838,0
3,774,0
4,500,0
5,1062,0
6,915,0
7,947,0
8,966,0
9,132,0
10,792,1
11,989,0
12,900,0
13,911,0
14,807,0
15,948,0
16,881,0
17,597,1
18,495,0
19,161,0
20,1083,0
21,912,0
22,701,0
23,59,0
24,804,0
25,194,0
26,795,0
27,117,0
28,1058,0
29,160,1
30,830,0
31,3,0
32,403,0
33,254,0
34,974,0
35,727,0
36,789,0
37,1030,0
38,220,0
39,932,0
40,10,0
41,967,0
42,640,0
43,484,0
44,1069,0
45,1034,0
46,836,0
47,871,0
48,1057,0
49,1064,0
50,239,0
51,774,0
52,204,0
53,474,0
54,525,0
55,332,0
56,38,0
57,846,0
58,356,0
59,888,0
60,806,0
61,921,0
62,787,0
63,773,0
64,247,0
65,493,0
66,110,1
67,402,0
68,894,0
69,1062,0
70,582,0
71,151,0
72,399,0
73,769,0
74,434,1
75,247,0
76,839,0
77,167,1
78,569,0
79,776,0
80,1002,0
81,280,0
82,297,0
83,938,0
84,965,0
85,833,0
86,794,0
87,330,0
88,1011,0
89,1067,0
90,730,0
91,869,0
92,1008,0
93,420,0
94,814,0
95,568,0
96,59,1
97,354,0
98,769,0
99,385,1
100,643,0
101,162,0
102,473,0
103,928,0
104,941,0
105,534,0
106,255,0
107,921,0
108,791,0
109,955,0
110,92,1
111,76,0
112,958,0
113,857,0
114,689,1
115,193,0
116,1072,0
117,430,1
118,586,0
119,177,1
120,845,0
121,499,1
122,886,0
123,863,0
124,1012,0
125,805,0
126,897,0
127,1051,0
128,978,0
129,673,0
130,972,0
131,1027,0
132,865,0
133,922,0
134,814,0
135,828,0
136,814,0
137,579,1
138,122,0
139,271,0
140,1037,0
141,613,0
142,836,0
143,673,0
144,333,1
145,1016,0
146,527,1
147,964,0
148,658,0
149,982,0
150,407,1
151,1063,0
152,1039,0
153,766,0
154,922,0
155,967,0
156,531,0
157,865,0
158,1059,0
159,858,0
160,29,0
161,191,0
162,481,0
163,36,1
164,986,0
165,29,0
166,857,0
167,1082,0
168,1044,0
169,876,0
170,114,0
171,638,0
172,465,0
173,740,0
174,833,0
175,427,0
176,1050,0
177,955,0
178,1087,0
179,52,0
180,1015,0
181,1087,0
182,773,0
183,105,1
184,110,0
185,178,0
186,56,1
187,553,1
188,990,0
189,819,0
190,565,0
191,762,0
192,784,0
193,935,0
194,1026,0
195,951,0
196,990,0
197,350,0
198,674,0
199,791,0
200,823,0
201,968,0
202,838,0
203,1016,0
204,1044,0
205,1058,0
206,144,1
207,939,0
208,868,0
209,792,0
210,873,0
211,1036,0
212,562,1
213,781,0
214,252,0
215,265,0
216,938,0
217,891,0
218,1087,0
219,1060,0
220,716,1
221,433,0
222,926,0
223,873,0
224,1045,0
225,1091,0
226,550,0
227,842,1
228,417,0
229,87,0
230,66,0
231,99,0
232,826,1
233,814,0
234,574,1
235,149,0
236,811,0
237,274,0
238,1093,0
239,430,0
240,562,0
241,764,0
242,883,0
243,750,0
244,1024,0
245,910,0
246,1062,0
247,264,0
248,881,0
249,791,0
250,789,0
251,990,0
252,47,0
253,1044,0
254,457,1
255,692,0
256,210,0
257,947,0
258,895,0
259,847,0
260,141,0
261,169,1
262,787,0
263,833,0
264,1071,0
265,1039,0
266,779,0
267,555,0
268,997,0
269,1041,0
270,789,0
271,1000,0
272,837,0
273,193,0
274,23,0
275,640,0
276,905,0
277,572,1
278,1093,0
279,960,0
280,828,0
281,145,0
282,50,0
283,893,0
284,882,0
285,641,1
286,0,0
287,978,0
288,877,0
289,845,0
290,127,0
291,1022,0
292,1090,0
293,687,0
294,940,0
295,1092,0
296,1030,0
297,67,0
298,770,0
299,1055,0
300,281,0
301,889,0
302,342,0
303,521,0
304,914,0
305,948,0
306,604,1
307,219,0
308,929,0
309,851,0
310,769,0
311,117,0
312,479,1
313,579,1
314,248,0
315,944,0
316,593,0
317,148,0
318,1048,0
319,229,1
320,930,0
321,818,0
322,140,0
323,642,0
324,926,1
325,306,0
326,978,0
327,945,0
328,994,0
329,881,0
330,833,0
331,1083,0
332,1002,0
333,812,0
334,943,0
335,849,0
336,1016,0
337,805,0
338,164,0
339,409,0
340,829,0
341,909,0
342,808,0
343,937,0
344,598,0
345,925,0
346,1001,0
347,963,0
348,950,0
349,99,0
350,334,0
351,859,0
352,814,0
353,175,0
354,807,0
355,893,0
356,1050,0
357,54,0
358,228,1
359,970,0
360,1021,0
361,945,0
362,982,0
363,851,0
364,1078,0
365,770,0
366,1054,0
367,819,0
368,838,0
369,347,0
370,954,0
371,929,0
372,842,0
373,151,0
374,1045,0
375,840,0
376,34,0
377,146,0
378,941,0
379,534,0
380,48,0
381,119,1
382,803,0
383,950,0
384,1072,0
385,784,0
386,566,0
387,222,1
388,739,0
389,670,0
390,16,0
391,1035,0
392,243,1
393,26,1
394,212,0
395,371,0
396,897,0
397,645,0
398,672,1
399,785,0
400,820,0
401,1078,0
402,961,0
403,863,0
404,347,0
405,797,0
406,110,0
407,454,1
408,921,0
409,64,1
410,66,0
411,98,0
412,1050,0
413,899,0
414,850,0
415,201,1
416,670,1
417,921,0
418,881,0
419,676,0
420,605,0
421,944,0
422,1012,0
423,964,0
424,973,0
425,876,0
426,878,0
427,133,0
428,827,0
429,687,0
430,397,0
431,836,0
432,792,0
433,1055,0
434,967,0
435,863,0
436,16,0
437,905,0
438,289,1
439,894,0
440,283,1
441,110,1
442,786,0
443,46,0
444,1020,0
445,811,0
446,186,1
447,1082,0
448,991,0
449,825,0
450,783,0
451,878,0
452,823,0
453,17,0
454,1044,0
455,602,0
456,268,0
457,528,0
458,358,1
459,377,0
460,945,0
461,940,0
462,29,0
463,520,0
464,1027,0
465,1089,0
466,1089,0
467,334,0
468,95,0
469,865,0
470,811,0
471,1090,0
472,1000,0
473,1027,0
474,827,0
475,909,0
476,583,0
477,933,0
478,884,0
479,882,0
480,301,0
481,148,0
482,779,0
483,807,1
484,1011,0
485,1090,0
486,786,0
487,1093,0
488,878,0
489,943,0
490,773,0
491,140,1
492,162,0
493,1089,0
494,664,1
495,911,0
496,1066,0
497,929,0
498,173,0
499,916,0
500,946,0
501,1057,0
502,882,0
503,925,0
504,197,1
505,19,1
506,783,0
507,390,0
508,792,1
509,129,0
510,569,0
511,1004,0
512,878,0
513,803,0
514,832,1
515,944,0
516,140,1
517,1017,0
518,221,0
519,997,0
520,646,0
521,616,0
522,952,0
523,937,0
524,786,0
525,415,0
526,579,0
527,21,1
528,1063,0
529,1017,0
530,4,0
531,927,0
532,775,0
533,870,0
534,1,0
535,1091,0
536,1072,0
537,973,0
538,875,0
539,645,1
540,988,0
541,510,0
542,1064,0
543,1076,0
544,349,1
545,1041,0
546,1012,0
547,885,1
548,944,0
549,822,0
550,766,0
551,976,0
552,435,0
553,506,1
554,214,0
555,612,1
556,889,0
557,607,0
558,911,0
559,591,0
560,119,0
561,1073,0
562,774,0
563,714,0
564,112,0
565,259,0
566,871,0
567,1015,0
568,1085,0
569,440,0
570,842,0
571,983,0
572,1016,0
573,896,0
574,918,0
575,456,0
576,791,0
577,910,0
578,1051,0
579,911,0
580,1082,0
581,1087,0
582,115,0
583,335,0
584,771,0
585,693,0
586,517,0
587,835,0
588,846,0
589,878,0
590,538,0
591,802,0
592,726,0
593,842,0
594,873,0
595,902,0
596,360,0
597,982,0
598,986,0
599,9,0
600,1067,0
601,347,0
602,839,0
603,560,1
604,799,0
605,229,0
606,894,0
607,696,0
608,847,0
609,1015,0
610,894,1
611,1039,0
612,840,0
613,509,0
614,421,0
615,995,0
616,191,0
617,996,0
618,967,0
619,943,0
620,939,0
621,246,1
622,658,0
623,531,0
624,801,0
625,623,1
626,44,0
627,588,0
628,958,0
629,828,0
630,6,0
631,439,0
632,995,0
633,426,0
634,1029,0
635,1065,0
636,216,0
637,837,0
638,984,0
639,605,0
640,614,1
641,10,0
642,690,0
643,42,0
644,383,0
645,90,0
646,1052,0
647,865,0
648,872,0
649,902,0
650,924,1
651,935,0
652,1050,0
653,193,0
654,132,0
655,874,0
656,527,0
657,803,0
658,780,0
659,847,0
660,828,0
661,917,0
662,803,0
663,842,0
664,925,0
665,989,0
666,592,1
667,872,0
668,524,0
669,855,0
670,796,0
671,861,0
672,1004,0
673,998,0
674,848,0
675,53,1
676,247,0
677,48,0
678,1017,0
679,1025,0
680,8,0
681,991,0
682,921,0
683,500,0
684,36,0
685,51,0
686,773,0
687,957,0
688,838,0
689,343,0
690,54,0
691,824,0
692,783,0
693,885,0
694,948,0
695,195,0
696,928,0
697,1016,0
698,36,0
699,232,1
700,975,0
701,1000,0
702,1049,0
703,848,0
704,373,0
705,837,0
706,685,0
707,879,0
708,12,0
709,801,0
710,228,0
711,722,1
712,569,0
713,560,0
714,784,0
715,847,0
716,827,0
717,200,0
718,484,0
719,713,0
720,899,0
721,800,0
722,821,0
723,768,0
724,767,0
725,950,0
726,1017,0
727,1068,0
728,382,0
729,438,0
730,242,0
731,129,0
732,376,0
733,957,0
734,851,0
735,955,0
736,1089,0
737,821,1
738,899,0
739,782,0
740,923,0
741,936,0
742,934,0
743,818,0
744,868,0
745,582,1
746,115,0
747,966,0
748,844,0
749,356,0
750,805,0
751,832,0
752,1014,0
753,114,0
754,463,0
755,313,0
756,735,0
757,756,0
758,788,0
759,796,0
760,1027,0
761,185,0
762,860,0
763,686,0
764,608,0
765,853,0
766,1090,0
767,956,0
768,1090,0
769,194,0
770,558,0
771,466,0
772,973,0
773,1031,0
774,481,0
775,631,1
776,506,0
777,849,0
778,1031,0
779,1058,0
780,952,0
781,193,0
782,998,0
783,1084,0
784,912,0
785,640,0
786,391,0
787,1066,0
788,875,0
789,273,0
790,363,0
791,945,0
792,746,0
793,354,0
794,921,1
795,232,1
796,783,0
797,1001,0
798,535,1
799,486,1
800,445,0
801,947,0
802,22,0
803,419,0
804,985,0
805,1084,0
806,846,0
807,95,0
808,435,0
809,921,0
810,766,0
811,861,0
812,29,1
813,928,0
814,958,0
815,303,0
816,90,0
817,412,0
818,307,0
819,775,0
820,983,0
821,25,0
822,183,0
823,54,1
824,260,0
825,788,0
826,950,0
827,130,1
828,874,0
829,902,0
830,673,0
831,914,0
832,791,0
833,427,0
834,779,0
835,832,0
836,378,1
837,129,0
838,972,0
839,903,0
840,922,1
841,862,0
842,41,0
843,437,0
844,874,0
845,830,0
846,1002,0
847,781,0
848,347,0
849,861,0
850,371,0
851,506,0
852,265,0
853,729,0
854,985,0
855,869,0
856,917,0
857,968,0
858,893,0
859,807,0
860,470,0
861,793,0
862,965,0
863,557,0
864,1018,0
865,613,0
866,829,0
867,855,0
868,784,0
869,776,0
870,521,1
871,546,1
872,1077,0
873,1041,0
874,659,0
875,925,0
876,126,0
877,539,0
878,1089,0
879,909,0
880,1024,0
881,238,0
882,939,0
883,808,0
884,989,0
885,790,0
886,353,1
887,851,0
888,1093,0
889,765,0
890,942,0
891,960,0
892,915,0
893,335,1
894,154,0
895,158,0
896,955,1
897,780,0
898,753,0
899,86,0
900,768,0
901,950,0
902,851,0
903,1062,0
904,980,0
905,835,0
906,631,0
907,101,0
908,199,0
909,1066,0
910,295,0
911,718,0
912,720,0
913,696,0
914,919,0
915,932,0
916,1006,0
917,1001,0
918,1026,0
919,906,0
920,287,0
921,470,1
922,852,0
923,872,0
924,222,1
925,480,0
926,852,0
927,935,0
928,833,0
929,1015,0
930,284,0
931,1065,0
932,775,0
933,996,0
934,1090,0
935,471,0
936,925,0
937,857,0
938,775,0
939,1065,0
940,869,0
941,706,0
942,806,0
943,1054,0
944,335,0
945,998,0
946,16,0
947,856,0
948,457,1
949,889,0
950,951,0
951,86,1
952,774,0
953,723,0
954,940,0
955,3,0
956,775,0
957,598,0
958,444,0
959,945,0
960,314,0
961,1042,0
962,1053,0
963,873,0
964,199,0
965,67,0
966,623,0
967,784,0
968,795,0
969,782,0
970,838,0
971,72,0
972,1086,0
973,656,0
974,100,0
975,986,0
976,155,1
977,826,0
978,727,1
979,950,0
980,1011,0
981,500,1
982,993,0
983,111,0
984,641,0
985,1007,0
986,365,1
987,1037,0
988,865,0
989,773,0
990,886,0
991,712,0
992,845,0
993,980,0
994,984,0
995,789,0
996,942,0
997,1082,0
998,1083,0
999,248,0
1000,1063,0
1001,830,0
1002,796,0
1003,406,1
1004,992,0
1005,1042,0
1006,840,0
1007,1052,0
1008,78,1
1009,21,0
1010,734,0
1011,749,0
1012,1092,0
1013,203,0
1014,1062,0
1015,846,0
1016,56,0
1017,802,0
1018,1003,0
1019,861,0
1020,613,0
1021,980,0
1022,553,0
1023,778,0
1024,580,0
1025,799,0
1026,842,0
1027,492,0
1028,923,0
1029,892,0
1030,101,1
1031,682,1
1032,29,1
1033,1065,0
1034,836,0
1035,164,0
1036,921,0
1037,32,0
1038,631,0
1039,74,0
1040,20,1
1041,1062,0
1042,971,0
1043,833,0
1044,939,0
1045,37,0
1046,1054,0
1047,773,0
1048,943,0
1049,892,0
1050,84,0
1051,125,0
1052,264,0
1053,438,0
1054,943,0
1055,778,0
1056,805,0
1057,1017,0
1058,976,0
1059,548,0
1060,786,0
1061,956,0
1062,37,0
1063,940,0
1064,1074,0
1065,1035,0
1066,340,0
1067,934,0
1068,1079,0
1069,799,0
1070,252,1
1071,126,0
1072,933,0
1073,902,0
1074,1070,0
1075,486,1
1076,1047,0
1077,1013,0
1078,802,0
1079,1033,0
1080,522,0
1081,975,0
1082,312,1
1083,982,0
1084,93,0
1085,699,0
1086,732,1
1087,951,0
1088,796,0
1089,910,0
1090,877,0
1091,1072,0
1092,825,0
1093,1039,0
1094,712,0
1095,133,0
1096,299,0
1097,181,1
1098,447,0
1099,805,0
1100,952,0
1101,1038,0
1102,1023,0
1103,1007,0
1104,61,0
1105,121,0
1106,123,1
1107,106,1
1108,869,0
1109,62,0
1110,222,0
1111,871,0
1112,924,0
1113,802,0
1114,46,0
1115,1058,0
1116,859,0
1117,1027,0
1118,981,0
1119,925,0
1120,770,0
1121,779,0
1122,1065,0
1123,18,0
1124,263,1
1125,169,1
1126,853,1
1127,647,0
1128,660,0
1129,876,0
1130,59,0
1131,787,0
1132,1019,0
1133,853,0
1134,511,1
1135,391,1
1136,93,0
1137,830,0
1138,918,0
1139,38,1
1140,203,1
1141,253,1
1142,830,0
1143,249,0
1144,863,0
1145,1035,0
1146,797,0
1147,960,0
1148,849,0
1149,811,0
1150,937,0
1151,1034,0
1152,789,0
1153,921,0
1154,70,0
1155,663,0
1156,807,0
1157,884,0
1158,81,0
1159,1058,0
1160,822,0
1161,581,1
1162,284,0
1163,1090,0
1164,84,1
1165,820,0
1166,548,1
1167,132,0
1168,840,0
1169,875,0
1170,955,0
1171,965,0
1172,981,0
1173,491,1
1174,850,0
1175,1062,0
1176,667,0
1177,329,1
1178,806,0
1179,860,1
1180,750,0
1181,870,0
1182,290,0
1183,1038,0
1184,958,0
1185,68,0
1186,996,0
1187,894,0
1188,858,1
1189,364,0
1190,325,0
1191,771,0
1192,601,0
1193,773,0
1194,807,0
1195,34,0
1196,873,1
1197,795,0
1198,954,0
1199,299,0
1200,358,0
1201,1087,0
1202,247,0
1203,1009,0
1204,1041,0
1205,109,1
1206,1029,0
1207,930,0
1208,1028,0
1209,732,0
1210,137,1
1211,251,1
1212,205,1
1213,1080,0
1214,240,0
1215,1084,0
1216,30,0
1217,995,0
1218,1027,0
1219,846,0
1220,1067,0
1221,581,0
1222,458,1
1223,807,0
1224,305,0
1225,30,0
1226,819,0
1227,844,0
1228,777,0
1229,1035,0
1230,681,1
1231,782,0
1232,1061,0
1233,1072,0
1234,1062,0
1235,983,0
1236,814,0
1237,1022,0
1238,823,0
1239,597,1
1240,679,0
1241,1079,0
1242,61,0
1243,629,0
1244,654,0
1245,924,0
1246,855,0
1247,787,0
1248,488,0
1249,561,1
1250,553,1
1251,842,0
1252,138,1
1253,970,0
1254,560,0
1255,119,1
1256,829,0
1257,638,0
1258,970,0
1259,951,0
1260,469,1
1261,1051,0
1262,885,0
1263,275,0
1264,803,0
1265,112,1
1266,902,0
1267,796,0
1268,858,0
1269,697,0
1270,1079,0
1271,841,0
1272,338,0
1273,85,1
1274,639,0
1275,973,0
1276,2,0
1277,932,0
1278,772,0
1279,962,0
1280,109,0
1281,314,0
1282,144,0
1283,862,0
1284,903,0
1285,191,1
1286,887,0
1287,941,0
1288,278,0
1289,1060,0
1290,853,0
1291,262,0
1292,773,0
1293,814,1
1294,869,0
1295,900,0
1296,779,0
1297,1020,0
1298,922,0
1299,507,1
1300,807,0
1301,1016,0
1302,881,0
1303,908,0
1304,307,0
1305,196,0
1306,971,0
1307,377,0
1308,902,0
1309,902,0
1310,862,0
1311,827,0
1312,20,0
1313,1073,0
1314,1010,0
1315,823,0
1316,273,0
1317,1036,0
1318,269,0
1319,643,0
1320,911,0
1321,882,0
1322,803,0
1323,1038,0
1324,458,0
1325,1028,0
1326,223,0
1327,383,0
1328,1020,0
1329,207,1
1330,869,0
1331,1091,0
1332,903,0
1333,127,0
1334,779,0
1335,933,0
1336,57,0
1337,557,1
1338,839,0
1339,200,1
1340,1024,0
1341,868,0
1342,831,0
1343,284,1
1344,1067,0
1345,925,0
1346,813,0
1347,636,0
1348,152,0
1349,1049,1
1350,633,0
1351,771,0
1352,798,0
1353,377,0
1354,689,0
1355,778,0
1356,958,0
1357,57,0
1358,782,0
1359,278,1
1360,27,0
1361,1022,0
1362,848,0
1363,488,0
1364,214,0
1365,615,0
1366,801,0
1367,1033,0
1368,106,0
1369,1015,0
1370,795,0
1371,804,0
1372,831,0
1373,1081,0
1374,456,1
1375,726,0
1376,1063,0
1377,838,0
1378,87,1
1379,1,1
1380,451,1
1381,1049,0
1382,138,1
1383,957,0
1384,465,0
1385,1041,0
1386,254,1
1387,803,0
1388,978,0
1389,543,0
1390,1032,0
1391,1066,0
1392,177,1
1393,900,0
1394,987,0
1395,846,0
1396,270,0
1397,298,0
1398,857,0
1399,98,1
1400,802,0
1401,135,0
1402,696,0
1403,1043,0
1404,446,0
1405,1000,0
1406,997,0
1407,212,0
1408,960,0
1409,256,0
1410,527,1
1411,442,0
1412,1024,0
1413,987,0
1414,630,0
1415,104,1
1416,975,0
1417,977,0
1418,220,1
1419,64,1
1420,475,0
1421,669,1
1422,882,0
1423,428,0
1424,407,1
1425,848,0
1426,919,0
1427,802,1
1428,826,0
1429,1049,1
1430,622,0
1431,1016,0
1432,1037,0
1433,464,0
1434,259,0
1435,992,0
1436,406,1
1437,970,0
1438,758,1
1439,633,0
1440,990,0
1441,62,0
1442,1,0
1443,920,0
1444,601,0
1445,857,0
1446,766,0
1447,615,0
1448,916,0
1449,782,0
1450,958,0
1451,861,0
1452,937,0
1453,310,0
1454,906,0
1455,116,0
1456,974,0
1457,407,0
1458,820,1
1459,1019,0
1460,315,1
1461,913,0
1462,820,0
1463,850,0
1464,948,0
1465,1082,0
1466,1020,0
1467,711,0
1468,610,0
1469,414,0
1470,1067,0
1471,853,0
1472,965,0
1473,808,0
1474,1032,0
1475,856,0
1476,1074,0
1477,1026,0
1478,1057,0
1479,890,0
1480,155,0
1481,164,1
1482,810,0
1483,876,0
1484,787,0
1485,287,0
1486,1073,0
1487,63,0
1488,1082,0
1489,51,1
1490,1026,0
1491,781,0
1492,162,0
1493,851,0
1494,793,0
1495,789,0
1496,904,0
1497,1051,0
1498,187,0
1499,719,0
1500,844,0
